-60 0.034150
-59 0.100392
-58 0.564635
-57 0.171962
-56 -0.233398
-55 -0.073809
-54 -0.338990
-53 -0.900790
-52 -1.493484
-51 -1.981047
-50 -2.003613
-49 -2.425878
-48 -3.458399
-47 -4.072906
-46 -4.443991
-45 -4.332304
-44 -4.450254
-43 -4.780127
-42 -4.867152
-41 -4.971800
-40 -4.862885
-39 -4.972560
-38 -5.841015
-37 -6.286753
-36 -6.761248
-35 -7.303854
-34 -7.829785
-33 -8.751631
-32 -9.276093
-31 -9.806189
-30 -10.721640
-29 -11.336315
-28 -11.634931
-27 -10.961157
-26 -10.678383
-25 -11.239256
-24 -11.807153
-23 -11.482218
-22 -10.824519
-21 -10.644337
-20 -11.291668
-19 -11.801285
-18 -11.718501
-17 -11.159556
-16 -10.918772
-15 -11.212596
-14 -11.175222
-13 -10.422108
-12 -10.087247
-11 -9.598827
-10 -9.314145
-9 -8.890325
-8 -7.845187
-7 -7.203713
-6 -7.093450
-5 -6.913452
-4 -6.656801
-3 -6.158215
-2 -6.676387
-1 -5.941966
0 -3.386578
1 -2.358100
2 -1.521300
3 -1.732485
4 -1.268586
5 -0.492505
6 -0.180370
7 -0.057767
8 -0.211325
9 -0.281341
10 -0.099009
11 -0.240897
12 -0.281658
13 0.195783
14 0.686438
15 0.669373
16 0.458758
17 0.480688
18 0.852318
19 1.319860
20 0.975208
21 0.178168
22 -0.240916
23 -0.287478
24 -0.453973
25 -0.782484
26 -1.102829
27 -1.152254
28 -1.421858
29 -1.858940
30 -2.509786
31 -2.975107
32 -2.938672
33 -2.790008
34 -2.828885
35 -3.216038
36 -3.513884
37 -2.856274
38 -2.434599
39 -1.913341
40 -1.195241
41 -0.963947
42 -0.191617
43 0.576397
44 1.372659
45 1.936854
46 2.442255
47 3.010328
48 3.614219
49 4.062466
50 4.190062
51 4.611309
52 5.271665
53 5.576792
54 5.655375
55 5.999115
56 6.626448
57 7.115618
58 7.420174
59 7.515140
