-60 0.155661
-59 0.557417
-58 0.687877
-57 0.441326
-56 0.292993
-55 0.517181
-54 0.693114
-53 0.592390
-52 0.363303
-51 0.101661
-50 0.039631
-49 -0.346690
-48 -0.913132
-47 -1.684104
-46 -2.056971
-45 -1.883532
-44 -1.985011
-43 -2.484472
-42 -2.731404
-41 -2.999038
-40 -3.092717
-39 -3.289896
-38 -4.077076
-37 -4.392853
-36 -4.853274
-35 -5.130888
-34 -5.442535
-33 -6.227391
-32 -6.732313
-31 -7.408960
-30 -7.946270
-29 -8.377685
-28 -8.829026
-27 -8.818290
-26 -9.035206
-25 -9.466747
-24 -9.774100
-23 -9.810913
-22 -9.724566
-21 -9.945317
-20 -10.378247
-19 -10.585852
-18 -10.332440
-17 -9.800525
-16 -9.739319
-15 -10.205783
-14 -10.202573
-13 -9.684078
-12 -9.435936
-11 -9.062355
-10 -8.690567
-9 -8.125743
-8 -7.205811
-7 -6.779717
-6 -6.687115
-5 -6.479127
-4 -6.371665
-3 -5.867520
-2 -5.886942
-1 -6.336190
0 -5.422348
1 -4.359251
2 -3.406125
3 -3.333531
4 -2.861682
5 -2.377480
6 -2.063451
7 -1.740379
8 -2.052148
9 -1.742795
10 -1.251160
11 -1.076172
12 -0.789151
13 -0.577855
14 -0.028476
15 0.049451
16 0.097773
17 0.290371
18 0.299009
19 0.391566
20 0.131568
21 -0.337147
22 -0.477974
23 -0.371100
24 -0.188491
25 -0.604536
26 -1.029364
27 -1.365585
28 -1.751332
29 -2.222195
30 -2.721925
31 -2.992553
32 -3.114822
33 -3.169760
34 -3.328688
35 -3.575054
36 -3.848773
37 -3.356791
38 -3.329337
39 -3.033753
40 -2.654461
41 -2.449139
42 -1.880786
43 -1.257738
44 -0.716122
45 -0.138608
46 -0.013076
47 0.521826
48 0.964227
49 1.222598
50 1.388374
51 1.769111
52 2.329576
53 2.691569
54 2.771000
55 2.914577
56 3.450611
57 3.813658
58 4.042970
59 4.282891
