-60 0.090678
-59 0.246367
-58 0.582894
-57 0.029328
-56 -0.624073
-55 -0.399332
-54 -0.374737
-53 -0.655401
-52 -1.180790
-51 -1.468733
-50 -1.522880
-49 -2.015872
-48 -2.843626
-47 -3.617177
-46 -4.028661
-45 -3.903437
-44 -3.857681
-43 -4.170012
-42 -4.339964
-41 -4.540189
-40 -4.421990
-39 -4.230817
-38 -5.237612
-37 -5.621338
-36 -6.120342
-35 -6.820027
-34 -7.425851
-33 -8.386005
-32 -9.058019
-31 -9.779791
-30 -10.301598
-29 -11.357801
-28 -11.800278
-27 -11.273881
-26 -11.111014
-25 -11.685814
-24 -12.065439
-23 -11.903064
-22 -11.814683
-21 -12.115374
-20 -12.761321
-19 -13.004513
-18 -12.914511
-17 -12.360848
-16 -12.142264
-15 -12.557945
-14 -12.327663
-13 -11.666766
-12 -11.395636
-11 -10.912602
-10 -10.675543
-9 -10.357514
-8 -9.400991
-7 -8.816129
-6 -8.826913
-5 -8.716681
-4 -8.604304
-3 -7.930447
-2 -8.220795
-1 -10.416515
0 -12.264271
1 -11.001285
2 -10.041225
3 -10.019191
4 -9.306474
5 -8.687251
6 -8.758758
7 -8.575174
8 -8.963182
9 -9.018504
10 -8.655994
11 -8.592293
12 -8.502810
13 -8.182165
14 -7.672259
15 -7.554647
16 -7.685796
17 -7.594539
18 -7.454550
19 -7.262624
20 -7.773219
21 -8.422358
22 -8.469653
23 -8.480082
24 -8.515936
25 -8.972939
26 -9.335260
27 -9.652109
28 -10.026696
29 -10.425653
30 -10.736306
31 -11.211196
32 -11.317167
33 -11.424068
34 -11.287114
35 -11.595362
36 -11.808953
37 -11.188331
38 -10.867910
39 -10.564056
40 -9.859820
41 -9.529004
42 -8.816943
43 -7.879249
44 -6.920092
45 -6.314651
46 -5.789253
47 -5.257557
48 -4.524227
49 -4.082295
50 -4.079721
51 -3.633434
52 -2.890056
53 -2.352353
54 -2.254982
55 -1.820270
56 -1.065366
57 -0.787236
58 -0.512286
59 -0.277447
